# Time-averaged data for fix 3
# TimeStep c_Q6
6000000 0.0759558
6010000 0.0753921
6020000 0.0763269
6030000 0.0763868
6040000 0.076896
6050000 0.0764473
6060000 0.0762345
6070000 0.0771296
6080000 0.0769728
6090000 0.0773901
6100000 0.0762685
6110000 0.0764188
6120000 0.0759431
6130000 0.0772533
6140000 0.0754458
6150000 0.0773932
6160000 0.0776239
6170000 0.0768439
6180000 0.0762251
6190000 0.0771069
6200000 0.0761516
6210000 0.0768346
6220000 0.0768696
6230000 0.0777101
6240000 0.0768787
6250000 0.0770943
6260000 0.0763049
6270000 0.0757196
6280000 0.0771224
6290000 0.0757973
6300000 0.0763604
6310000 0.0768028
6320000 0.0769849
6330000 0.0770464
6340000 0.0765796
6350000 0.0765722
6360000 0.0765302
6370000 0.0767691
6380000 0.0762039
6390000 0.0770818
6400000 0.0769352
6410000 0.0758306
6420000 0.076513
6430000 0.0777442
6440000 0.0774444
6450000 0.0779441
6460000 0.077317
6470000 0.0773817
6480000 0.0756704
6490000 0.0766788
6500000 0.0773051
6510000 0.0771146
6520000 0.0779816
6530000 0.0768607
6540000 0.0767042
6550000 0.0764234
6560000 0.0760877
6570000 0.0773392
6580000 0.0780752
6590000 0.0767144
6600000 0.0777488
6610000 0.0762964
6620000 0.0776729
6630000 0.0772762
6640000 0.0776788
6650000 0.0763237
6660000 0.0764437
6670000 0.0778478
6680000 0.0777793
6690000 0.0772014
6700000 0.0771613
6710000 0.0780454
6720000 0.0769927
6730000 0.0772153
6740000 0.0773496
6750000 0.0775303
6760000 0.0776599
6770000 0.077139
6780000 0.0778076
6790000 0.0783954
6800000 0.0773051
6810000 0.0774116
6820000 0.0782634
6830000 0.0763554
6840000 0.0786852
6850000 0.0785242
6860000 0.0772958
6870000 0.0765881
6880000 0.0786919
6890000 0.0771112
6900000 0.0772066
6910000 0.0767118
6920000 0.0779752
6930000 0.0776161
6940000 0.078103
6950000 0.0771282
6960000 0.0769656
6970000 0.0782229
6980000 0.0759719
6990000 0.0765348
7000000 0.0759281
7010000 0.0764637
7020000 0.077293
7030000 0.0770269
7040000 0.0767634
7050000 0.0781642
7060000 0.0776394
7070000 0.0773277
7080000 0.07739
7090000 0.0774514
7100000 0.0761669
7110000 0.0780576
7120000 0.0770537
7130000 0.0773247
7140000 0.0764532
7150000 0.0766791
7160000 0.0781651
7170000 0.0777922
7180000 0.0774612
7190000 0.077047
7200000 0.076932
7210000 0.0784639
7220000 0.076797
7230000 0.0779134
7240000 0.0766411
7250000 0.0771647
7260000 0.0757735
7270000 0.0768213
7280000 0.0770132
7290000 0.0766802
7300000 0.0774827
7310000 0.0755018
7320000 0.0778047
7330000 0.0766398
7340000 0.0770427
7350000 0.0779284
7360000 0.0776401
7370000 0.0775035
7380000 0.0771058
7390000 0.0773357
7400000 0.0774308
7410000 0.0757466
7420000 0.0775473
7430000 0.0780803
7440000 0.0776856
7450000 0.0767548
7460000 0.0777205
7470000 0.0773903
7480000 0.0773296
7490000 0.0762452
7500000 0.0774639
7510000 0.0775688
7520000 0.0786763
7530000 0.0784435
7540000 0.0768772
7550000 0.0785218
7560000 0.0760574
7570000 0.0779605
7580000 0.0774064
7590000 0.0781314
7600000 0.0770505
7610000 0.0782413
7620000 0.0780583
7630000 0.0774822
7640000 0.0775421
7650000 0.0766105
7660000 0.077607
7670000 0.0771916
7680000 0.0780117
7690000 0.077339
7700000 0.0772148
7710000 0.0770604
7720000 0.077941
7730000 0.0768835
7740000 0.0780978
7750000 0.0758403
7760000 0.0766794
7770000 0.0778274
7780000 0.0767052
7790000 0.0767814
7800000 0.076441
7810000 0.0764478
7820000 0.0771912
7830000 0.0759332
7840000 0.0762833
7850000 0.0771364
7860000 0.0777831
7870000 0.0768793
7880000 0.0776644
7890000 0.0775179
7900000 0.0766393
7910000 0.0776807
7920000 0.0765477
7930000 0.0766516
7940000 0.0773252
7950000 0.0774302
7960000 0.0767878
7970000 0.0769
7980000 0.0769691
7990000 0.0769079
8000000 0.0769209
8010000 0.0769654
8020000 0.0778776
8030000 0.0776818
8040000 0.0770915
8050000 0.0762996
8060000 0.0770941
8070000 0.0768959
8080000 0.0753419
8090000 0.0770386
8100000 0.0766086
8110000 0.0771384
8120000 0.0758946
8130000 0.077751
8140000 0.077707
8150000 0.0765754
8160000 0.0784562
8170000 0.075666
8180000 0.0770793
8190000 0.0770811
8200000 0.0770648
8210000 0.0774947
8220000 0.0775876
8230000 0.0762793
8240000 0.0775665
8250000 0.0764934
8260000 0.0769178
8270000 0.0779773
8280000 0.0771319
8290000 0.0767065
8300000 0.0764702
8310000 0.0766056
8320000 0.0781708
8330000 0.0774241
8340000 0.0756347
8350000 0.0760226
8360000 0.0778304
8370000 0.0770096
8380000 0.0751114
8390000 0.0784575
8400000 0.0775006
8410000 0.0780921
8420000 0.0764891
8430000 0.0753527
8440000 0.0759555
8450000 0.0777521
8460000 0.0765621
8470000 0.0769939
8480000 0.0759116
8490000 0.0768459
8500000 0.076774
8510000 0.0766049
8520000 0.076882
8530000 0.0763333
8540000 0.0771544
8550000 0.0766744
8560000 0.0769272
8570000 0.0756231
8580000 0.0765094
8590000 0.077091
8600000 0.0775351
8610000 0.0770393
8620000 0.0773286
8630000 0.0767035
8640000 0.0775473
8650000 0.0759555
8660000 0.0785246
8670000 0.0767055
8680000 0.0774163
8690000 0.0762819
8700000 0.0770659
8710000 0.0769738
8720000 0.0767823
8730000 0.0769347
8740000 0.0773672
8750000 0.0765746
8760000 0.0766914
8770000 0.0761213
8780000 0.0761969
8790000 0.0773424
8800000 0.0764861
8810000 0.0767284
8820000 0.0770684
8830000 0.0763863
8840000 0.0773967
8850000 0.0772594
8860000 0.0780955
8870000 0.0765613
8880000 0.0769759
8890000 0.0773978
8900000 0.0775366
8910000 0.0753797
8920000 0.075161
8930000 0.0761259
8940000 0.0767731
8950000 0.0767669
8960000 0.0766997
8970000 0.0765869
8980000 0.0757057
8990000 0.0780407
9000000 0.0763833
9010000 0.0764698
9020000 0.0763493
9030000 0.0766876
9040000 0.075976
9050000 0.0763824
9060000 0.0769279
9070000 0.0764895
9080000 0.076197
9090000 0.0771024
9100000 0.0770777
9110000 0.075831
9120000 0.0775573
9130000 0.0779542
9140000 0.0770359
9150000 0.0762623
9160000 0.077778
9170000 0.0760812
9180000 0.0778903
9190000 0.0769734
9200000 0.0764418
9210000 0.0774084
9220000 0.0774847
9230000 0.0766849
9240000 0.0766729
9250000 0.0769034
9260000 0.0758026
9270000 0.0762403
9280000 0.0766428
9290000 0.0766679
9300000 0.0767592
9310000 0.0768452
9320000 0.076668
9330000 0.0781478
9340000 0.0776905
9350000 0.0776424
9360000 0.075747
9370000 0.0761702
9380000 0.0757202
9390000 0.0765056
9400000 0.0763687
9410000 0.0764511
9420000 0.0775222
9430000 0.0762756
9440000 0.0757579
9450000 0.0762878
9460000 0.0757898
9470000 0.0761801
9480000 0.0760463
9490000 0.0762855
9500000 0.0769587
9510000 0.0766626
9520000 0.0751774
9530000 0.0776263
9540000 0.0769743
9550000 0.077086
9560000 0.0765698
9570000 0.0764322
9580000 0.0767486
9590000 0.0770107
9600000 0.0782275
9610000 0.0764766
9620000 0.0775237
9630000 0.077291
9640000 0.0762895
9650000 0.0763667
9660000 0.0758412
9670000 0.0770717
9680000 0.07669
9690000 0.0774817
9700000 0.0755671
9710000 0.0759875
9720000 0.0770678
9730000 0.076617
9740000 0.0752102
9750000 0.0758893
9760000 0.0768995
9770000 0.0766821
9780000 0.0769813
9790000 0.0772624
9800000 0.0769037
9810000 0.077558
9820000 0.0752441
9830000 0.0760981
9840000 0.0769173
9850000 0.0778555
9860000 0.0773769
9870000 0.0768479
9880000 0.076903
9890000 0.0762821
9900000 0.0774633
9910000 0.0774271
9920000 0.0767259
9930000 0.076618
9940000 0.0758189
9950000 0.0759798
9960000 0.0759711
9970000 0.075379
9980000 0.0766168
9990000 0.0757415
10000000 0.0761652
10010000 0.0758703
10020000 0.0761728
10030000 0.0763856
10040000 0.0770433
10050000 0.0759424
10060000 0.0756555
10070000 0.076346
10080000 0.0762007
10090000 0.0764688
10100000 0.0773628
10110000 0.0767499
10120000 0.0775382
10130000 0.0769411
10140000 0.0769624
10150000 0.0762052
10160000 0.0772302
10170000 0.0759409
10180000 0.0764101
10190000 0.0763007
10200000 0.0773352
10210000 0.0765207
10220000 0.0777291
10230000 0.0762683
10240000 0.0756461
10250000 0.0774937
10260000 0.0767557
10270000 0.0768226
10280000 0.0757104
10290000 0.0757134
10300000 0.0773509
10310000 0.0770146
10320000 0.077601
10330000 0.0765347
10340000 0.0761126
10350000 0.0758541
10360000 0.0768191
10370000 0.075667
10380000 0.0755463
10390000 0.0756227
10400000 0.0761366
10410000 0.0754896
10420000 0.076525
10430000 0.0781728
10440000 0.0770327
10450000 0.0770854
10460000 0.0751091
10470000 0.0770913
10480000 0.0757588
10490000 0.0769061
10500000 0.0767814
10510000 0.0763624
10520000 0.0756699
10530000 0.0764284
10540000 0.0769026
10550000 0.07746
10560000 0.0774378
10570000 0.0757221
10580000 0.0760988
10590000 0.0775305
10600000 0.0758888
10610000 0.0773435
10620000 0.0765593
10630000 0.0771536
10640000 0.0760558
10650000 0.0774737
10660000 0.0754281
10670000 0.0763807
10680000 0.0762926
10690000 0.0762841
10700000 0.0764434
10710000 0.0769835
10720000 0.076495
10730000 0.0776417
10740000 0.0759814
10750000 0.0758922
10760000 0.0768647
10770000 0.0759178
10780000 0.0762895
10790000 0.0769472
10800000 0.0760336
10810000 0.0769695
10820000 0.0766867
10830000 0.0769351
10840000 0.0757838
10850000 0.0774648
10860000 0.0760049
10870000 0.0759272
10880000 0.0775405
10890000 0.0759976
10900000 0.0769289
10910000 0.0750596
10920000 0.0769819
10930000 0.0766414
10940000 0.0775302
10950000 0.076733
10960000 0.076529
10970000 0.07637
10980000 0.0767762
10990000 0.0760543
11000000 0.0758519
11010000 0.0766802
11020000 0.0768795
11030000 0.0750971
11040000 0.0771935
11050000 0.0757009
11060000 0.076172
11070000 0.0769533
11080000 0.0769999
11090000 0.0768841
11100000 0.0771793
11110000 0.0763859
11120000 0.0756621
11130000 0.0771507
11140000 0.0767149
11150000 0.0773974
11160000 0.0767779
11170000 0.0771698
11180000 0.0759998
11190000 0.0780611
11200000 0.0759678
11210000 0.0769255
11220000 0.0768237
11230000 0.0760201
11240000 0.0760937
11250000 0.0755793
11260000 0.0752154
11270000 0.0765682
11280000 0.0760844
11290000 0.0781912
11300000 0.0766387
11310000 0.0755302
11320000 0.0773527
11330000 0.0765771
11340000 0.0758398
11350000 0.0777501
11360000 0.0756212
11370000 0.0762563
11380000 0.0762512
11390000 0.0773655
11400000 0.0766553
11410000 0.07637
11420000 0.0760581
11430000 0.0769175
11440000 0.0765832
11450000 0.0758076
11460000 0.0766223
11470000 0.0765334
11480000 0.0767662
11490000 0.0762316
11500000 0.0764859
11510000 0.0760837
11520000 0.0766294
11530000 0.0773523
11540000 0.0762036
11550000 0.0771245
11560000 0.076858
11570000 0.0762632
11580000 0.0773509
11590000 0.0764561
11600000 0.0757964
11610000 0.0766303
11620000 0.0767703
11630000 0.0769306
11640000 0.0766365
11650000 0.0767092
11660000 0.0770266
11670000 0.0765179
11680000 0.0761202
11690000 0.075618
11700000 0.0770265
11710000 0.0765086
11720000 0.0770047
11730000 0.076198
11740000 0.0752973
11750000 0.0764653
11760000 0.0764396
11770000 0.0772804
11780000 0.0753987
11790000 0.0756851
11800000 0.0768533
11810000 0.076275
11820000 0.0768055
11830000 0.0765305
11840000 0.0760673
11850000 0.0762506
11860000 0.0752939
11870000 0.0750059
11880000 0.077353
11890000 0.0771914
11900000 0.0766363
11910000 0.0772351
11920000 0.0760646
11930000 0.0765288
11940000 0.0758161
11950000 0.0768869
11960000 0.0763881
11970000 0.0757171
11980000 0.0770743
11990000 0.0754857
12000000 0.0756876
12010000 0.0764307
12020000 0.0764353
12030000 0.0755247
12040000 0.0773553
12050000 0.0757506
12060000 0.0763319
12070000 0.0756058
12080000 0.0761936
12090000 0.0755899
12100000 0.0770422
12110000 0.0756845
12120000 0.0758484
12130000 0.0758336
12140000 0.0763183
12150000 0.0755472
12160000 0.0766035
12170000 0.075897
12180000 0.0767678
12190000 0.0769943
12200000 0.0759335
12210000 0.0765003
12220000 0.0761047
12230000 0.0769613
12240000 0.0773153
12250000 0.0765611
12260000 0.0758978
12270000 0.0769373
12280000 0.076972
12290000 0.0758829
12300000 0.0753606
12310000 0.0776802
12320000 0.0761937
12330000 0.0766758
12340000 0.0762377
12350000 0.0763748
12360000 0.0775009
12370000 0.0779495
12380000 0.0773629
12390000 0.0764308
12400000 0.0767443
12410000 0.0756304
12420000 0.0769698
12430000 0.0756114
12440000 0.0764872
12450000 0.077336
12460000 0.0768534
12470000 0.0762892
12480000 0.076825
12490000 0.077108
12500000 0.0769608
12510000 0.0769444
12520000 0.0767071
12530000 0.0765079
12540000 0.0765164
12550000 0.0776387
12560000 0.0758529
12570000 0.0768934
12580000 0.0769078
12590000 0.0767168
12600000 0.0771995
12610000 0.0761948
12620000 0.076348
12630000 0.0769671
12640000 0.0758488
12650000 0.0767387
12660000 0.0773041
12670000 0.0750474
12680000 0.0759076
12690000 0.0764239
12700000 0.0762909
12710000 0.0770969
12720000 0.0756581
12730000 0.07649
12740000 0.0760676
12750000 0.0767523
12760000 0.0761798
12770000 0.0780059
12780000 0.0761167
12790000 0.0760347
12800000 0.0756402
12810000 0.0765178
12820000 0.0770157
12830000 0.0773512
12840000 0.075909
12850000 0.0767017
12860000 0.0766977
12870000 0.076256
12880000 0.0770407
12890000 0.0764802
12900000 0.0759341
12910000 0.0763102
12920000 0.0765617
12930000 0.0763124
12940000 0.0765738
12950000 0.0771755
12960000 0.0761472
12970000 0.0770557
12980000 0.0762052
12990000 0.0753613
13000000 0.0763921
13010000 0.0757145
13020000 0.0761155
13030000 0.0766996
13040000 0.0766275
13050000 0.0763286
13060000 0.0768816
13070000 0.0763547
13080000 0.0768516
13090000 0.0774245
13100000 0.0766724
13110000 0.0762785
13120000 0.0760537
13130000 0.0775277
13140000 0.0760685
13150000 0.0775202
13160000 0.0761393
13170000 0.077505
13180000 0.0752729
13190000 0.0763597
13200000 0.0774976
13210000 0.0761912
13220000 0.0760219
13230000 0.0771094
13240000 0.0764513
13250000 0.0768225
13260000 0.0757711
13270000 0.0762722
13280000 0.075158
13290000 0.0758509
13300000 0.0764986
13310000 0.0754878
13320000 0.076414
13330000 0.0760736
13340000 0.0768511
13350000 0.0756432
13360000 0.0756462
13370000 0.0768689
13380000 0.076989
13390000 0.0756708
13400000 0.0760487
13410000 0.0751074
13420000 0.0781775
13430000 0.0763461
13440000 0.0762183
13450000 0.076034
13460000 0.0761922
13470000 0.0768726
13480000 0.0760303
13490000 0.0756601
13500000 0.0757487
13510000 0.0762544
13520000 0.0768454
13530000 0.0768706
13540000 0.07769
13550000 0.0774986
13560000 0.0765063
13570000 0.0766435
13580000 0.0764839
13590000 0.0752705
13600000 0.0753534
13610000 0.0757565
13620000 0.0771254
13630000 0.0758045
13640000 0.0755749
13650000 0.0764655
13660000 0.077207
13670000 0.076966
13680000 0.0765635
13690000 0.0766517
13700000 0.0765593
13710000 0.0754162
13720000 0.0749515
13730000 0.0757096
13740000 0.0768466
13750000 0.0765276
13760000 0.0759366
13770000 0.0761142
13780000 0.076056
13790000 0.0763628
13800000 0.0764108
13810000 0.0757292
13820000 0.0759552
13830000 0.0758008
13840000 0.0768525
13850000 0.0762345
13860000 0.0764184
13870000 0.0767444
13880000 0.0751754
13890000 0.0758607
13900000 0.0758529
13910000 0.0769503
13920000 0.0768033
13930000 0.0768683
13940000 0.0760569
13950000 0.0771106
13960000 0.0764017
13970000 0.0778888
13980000 0.0766576
13990000 0.0768977
14000000 0.0768989
